lga,Population_2024,_2024_Density_per_sq_km,Number_of_Registered_Businesses_2024,Unemployment_Rate_2024,avg_rent_2024,Apartment_Rooms,Population_2023,_2023_Density_per_sq_km,Number_of_Registered_Businesses_2023,Unemployment_Rate_2023,avg_rent_2023
Eti-Osa,1669037,3300,432,5.13,3270833,1,1652512,3796,383,5.2,1160000
Eti-Osa,1669037,3300,432,5.13,5490983,2,1652512,3796,383,5.2,1160000
Eti-Osa,1669037,3300,432,5.13,3270833,1,1652512,3796,383,5.2,4700000
Eti-Osa,1669037,3300,432,5.13,5490983,2,1652512,3796,383,5.2,3100000
Eti-Osa,1669037,3300,432,5.13,3270833,1,1652512,3796,383,5.2,3100000
Eti-Osa,1669037,3300,432,5.13,5490983,2,1652512,3796,383,5.2,4700000
Eti-Osa,1669037,3300,432,5.13,8767726,3,1652512,3796,383,5.2,1160000
Eti-Osa,1669037,3300,432,5.13,8767726,3,1652512,3796,383,5.2,3100000
Eti-Osa,1669037,3300,432,5.13,8767726,3,1652512,3796,383,5.2,4700000
Ikeja,2773688,22122,0,5.05,7750000,1,2746226,21467,0,5.12,610000
Ikeja,2773688,22122,0,5.05,7750000,1,2746226,21467,0,5.12,1300000
Ikeja,2773688,22122,0,5.05,3735714,2,2746226,21467,0,5.12,610000
Ikeja,2773688,22122,0,5.05,7750000,1,2746226,21467,0,5.12,1900000
Ikeja,2773688,22122,0,5.05,3735714,2,2746226,21467,0,5.12,1300000
Ikeja,2773688,22122,0,5.05,3735714,2,2746226,21467,0,5.12,1900000
Ikeja,2773688,22122,0,5.05,8978750,3,2746226,21467,0,5.12,610000
Ikeja,2773688,22122,0,5.05,8978750,3,2746226,21467,0,5.12,1300000
Ikeja,2773688,22122,0,5.05,8978750,3,2746226,21467,0,5.12,1900000
Ikorodu,2683254,2655,70,5.07,300000,1,2656687,2562,62,5.14,200000
Ikorodu,2683254,2655,70,5.07,300000,1,2656687,2562,62,5.14,400000
Ikorodu,2683254,2655,70,5.07,818750,2,2656687,2562,62,5.14,400000
Ikorodu,2683254,2655,70,5.07,818750,2,2656687,2562,62,5.14,200000
Ikorodu,2683254,2655,70,5.07,300000,1,2656687,2562,62,5.14,1000000
Ikorodu,2683254,2655,70,5.07,818750,2,2656687,2562,62,5.14,1000000
Ikorodu,2683254,2655,70,5.07,900000,3,2656687,2562,62,5.14,400000
Ikorodu,2683254,2655,70,5.07,900000,3,2656687,2562,62,5.14,200000
Ikorodu,2683254,2655,70,5.07,900000,3,2656687,2562,62,5.14,1000000
Kosofe,2343771,12466,132,4.91,2827586,2,2320565,12278,117,4.98,2000000
Kosofe,2343771,12466,132,4.91,2827586,2,2320565,12278,117,4.98,600000
Kosofe,2343771,12466,132,4.91,4323529,3,2320565,12278,117,4.98,600000
Kosofe,2343771,12466,132,4.91,4323529,3,2320565,12278,117,4.98,2000000
Kosofe,2343771,12466,132,4.91,2827586,2,2320565,12278,117,4.98,1200000
Kosofe,2343771,12466,132,4.91,4323529,3,2320565,12278,117,4.98,1200000
Mushin,2510923,76830,162,5.1,2750000,2,2485072,75580,144,5.17,500000
Mushin,2510923,76830,162,5.1,2750000,2,2485072,75580,144,5.17,1700000
Mushin,2510923,76830,162,5.1,2750000,2,2485072,75580,144,5.17,1100000
Mushin,2510923,76830,162,5.1,100000,3,2485072,75580,144,5.17,500000
Mushin,2510923,76830,162,5.1,100000,3,2485072,75580,144,5.17,1100000
Mushin,2510923,76830,162,5.1,100000,3,2485072,75580,144,5.17,1700000
Surulere,2030582,76830,698,4.96,3071428,2,2010477,75580,618,5.03,1100000
Surulere,2030582,76830,698,4.96,1700000,1,2010477,75580,618,5.03,600000
Surulere,2030582,76830,698,4.96,3071428,2,2010477,75580,618,5.03,600000
Surulere,2030582,76830,698,4.96,1700000,1,2010477,75580,618,5.03,2000000
Surulere,2030582,76830,698,4.96,4444444,3,2010477,75580,618,5.03,1100000
Surulere,2030582,76830,698,4.96,1700000,1,2010477,75580,618,5.03,1100000
Surulere,2030582,76830,698,4.96,3071428,2,2010477,75580,618,5.03,2000000
Surulere,2030582,76830,698,4.96,4444444,3,2010477,75580,618,5.03,600000
Surulere,2030582,76830,698,4.96,4444444,3,2010477,75580,618,5.03,2000000
